375	Salman Khan	36	2340	5.402170181274414	3490000	10.0	9.20820999145508
379	Priyanka Chopra	36	1990	4.451089859008789	3130000	9.071279525756836	8.13685989379883
377	Deepika Padukone	16	1080	5.646739959716797	3000000	8.735910415649414	8.62716007232666
380	Kareena Kapoor	37	2200	4.860159873962402	2940000	8.581119537353516	8.09064960479736
384	Amitabh Bachchan	48	2140	3.4048900604248047	2770000	8.142560005187988	7.0113000869751
374	Shah Rukh Khan	23	2000	7.5500898361206055	2670000	7.884580135345459	9.22673988342285
378	Hrithik Roshan	16	1120	5.891300201416016	2650000	7.832980155944824	8.25193977355957
383	John Abraham	27	1370	4.00724983215332	2610000	7.729790210723877	7.11934995651245
387	Ajay Devgn	49	2320	3.6752400398254395	2570000	7.6265997886657715	6.87131977081299
373	Aamir Khan	11	1170	9.448619842529297	2460000	7.342830181121826	10.0
