375	Salman Khan	36	2340	5.402170181274414	3490000	10.0	9.20820999145508
379	Priyanka Chopra	36	1990	4.451089859008789	3130000	9.071279525756836	8.13685989379883
380	Kareena Kapoor	37	2200	4.860159873962402	2940000	8.581119537353516	8.09064960479736
383	John Abraham	27	1370	4.00724983215332	2610000	7.729790210723877	7.11934995651245
384	Amitabh Bachchan	48	2140	3.4048900604248047	2770000	8.142560005187988	7.0113000869751
387	Ajay Devgn	49	2320	3.6752400398254395	2570000	7.6265997886657715	6.87131977081299
391	Akshay Kumar	54	2950	4.3876800537109375	1960000	6.0529398918151855	6.38047981262207
398	Saif Ali Khan	26	1250	3.746659994125366	1760000	5.536980152130127	5.72107982635498
404	Abhishek Bachchan	34	1770	4.136189937591553	1260000	4.247089862823486	5.20794010162354
409	Sanjay Dutt	43	1740	3.0020198822021484	1560000	5.021029949188232	5.00263977050781
414	Emraan Hashmi	26	1400	4.311039924621582	861000	3.2177600860595703	4.72095012664795
415	Bipasha Basu	34	1570	3.5607399940490723	1050000	3.7053399085998535	4.57121992111206
425	Om Puri	32	1100	2.40625	1230000	4.1697001457214355	4.17788982391357
432	Rani Mukerji	27	1410	4.152170181274414	386000	1.99235999584198	3.93201994895935
436	Paresh Rawal	30	1660	4.456520080566406	176000	1.4506100416183472	3.79672002792358
450	Anupam Kher	36	1310	2.603260040283203	657000	2.6914799213409424	3.44770002365112
456	Sunil Shetty	42	1530	2.607140064239502	560000	2.4412500858306885	3.30729007720947
551	Gulshan Grover	33	950	1.8596800565719604	101000	1.2571300268173218	2.20642995834351
